2019-12-19 36.95 37.24 36.95 37.12 25000 0 0
2019-12-20 37.26 37.40 37.25 37.36 15600 0 0
2019-12-23 37.26 37.50 37.26 37.48 18200 0 0
2019-12-24 37.50 37.66 37.40 37.66 7000 0 0
2019-12-26 37.69 37.81 37.69 37.79 4200 0 0
2019-12-27 37.88 37.92 37.74 37.78 17700 0 0
2019-12-30 37.77 38.22 37.70 38.22 22900 0 0
2019-12-31 37.61 37.82 37.50 37.74 40600 0 0
2020-01-02 37.60 37.82 37.57 37.80 22700 0 0
2020-01-03 37.54 37.67 37.52 37.54 28500 0 0
2020-01-06 37.24 37.56 37.22 37.54 62700 0 0
2020-01-07 37.39 37.59 37.39 37.46 20700 0 0
2020-01-08 37.48 37.79 37.48 37.62 27600 0 0
2020-01-09 37.66 37.88 37.66 37.83 19200 0 0
2020-01-10 37.84 37.95 37.60 37.71 13600 0 0
2020-01-13 37.83 37.94 37.79 37.87 19500 0 0
2020-01-14 37.90 38.25 37.83 37.94 27400 0 0
2020-01-15 38.00 38.25 37.97 38.04 10300 0 0
2020-01-16 38.04 38.30 38.04 38.26 24200 0 0
2020-01-17 38.36 38.47 38.22 38.40 16600 0 0
2020-01-21 38.28 38.46 38.28 38.33 12100 0 0
2020-01-22 38.42 38.54 38.15 38.19 36000 0 0
2020-01-23 38.28 38.35 38.13 38.34 12500 0 0
2020-01-24 38.35 38.49 37.99 38.01 25100 0 0
2020-01-27 37.48 37.49 37.08 37.19 36500 0 0
2020-01-28 37.32 37.63 37.32 37.58 23200 0 0
2020-01-29 37.70 37.75 37.52 37.61 10500 0 0
2020-01-30 37.45 37.58 37.30 37.58 72500 0 0
2020-01-31 37.59 37.59 37.01 37.14 17700 0 0
2020-02-03 37.09 37.50 37.07 37.35 21300 0 0
2020-02-04 37.44 38.01 37.44 37.94 23700 0 0
2020-02-05 38.08 38.56 38.00 38.44 18800 0 0
2020-02-06 38.59 38.59 38.48 38.52 7100 0 0
2020-02-07 38.39 38.60 38.39 38.41 13800 0 0
2020-02-10 38.14 38.72 38.14 38.68 17700 0 0
2020-02-11 38.75 39.00 38.75 38.83 18200 0 0
2020-02-12 39.09 39.09 38.95 39.01 19600 0 0
2020-02-13 38.87 38.96 38.76 38.91 33700 0 0
2020-02-14 38.86 38.99 38.75 38.84 27400 0 0
2020-02-18 38.80 38.84 38.63 38.72 52900 0 0
2020-02-19 38.76 38.96 38.77 38.80 69234 0 0
