2019-12-19 6.53 6.59 6.43 6.59 0 0.000000 0
2019-12-20 6.57 6.73 6.57 6.73 0 0.000000 0
2019-12-23 6.66 6.66 6.51 6.51 0 0.064801 0
2019-12-27 6.55 6.59 6.55 6.57 0 0.000000 0
2019-12-30 6.53 6.61 6.53 6.60 0 0.000000 0
2020-01-02 6.48 6.68 6.48 6.67 0 0.000000 0
2020-01-03 6.66 6.66 6.58 6.65 0 0.000000 0
2020-01-06 6.56 6.59 6.56 6.59 0 0.000000 0
2020-01-07 6.61 6.62 6.51 6.51 0 0.000000 0
2020-01-08 6.46 6.51 6.46 6.51 0 0.000000 0
2020-01-09 6.50 6.51 6.49 6.50 0 0.000000 0
2020-01-10 6.44 6.44 6.38 6.38 0 0.000000 0
2020-01-13 6.35 6.35 6.31 6.31 0 0.000000 0
2020-01-14 6.31 6.31 6.27 6.30 0 0.000000 0
2020-01-15 6.26 6.26 6.15 6.15 0 0.000000 0
2020-01-16 6.13 6.15 6.13 6.15 0 0.000000 0
2020-01-17 6.18 6.27 6.18 6.27 0 0.000000 0
2020-01-20 6.22 6.22 6.17 6.17 0 0.000000 0
2020-01-21 6.15 6.16 6.11 6.14 0 0.000000 0
2020-01-22 6.10 6.10 6.05 6.05 0 0.000000 0
2020-01-23 6.03 6.29 6.03 6.07 0 0.000000 0
2020-01-24 6.07 6.07 6.00 6.00 0 0.000000 0
2020-01-27 5.81 5.88 5.80 5.88 0 0.000000 0
2020-01-28 5.85 5.92 5.85 5.92 0 0.000000 0
2020-01-29 5.93 5.93 5.91 5.91 0 0.000000 0
2020-01-30 5.85 5.91 5.84 5.90 0 0.000000 0
2020-01-31 5.95 5.95 5.90 5.90 0 0.000000 0
2020-02-03 5.84 5.86 5.83 5.86 0 0.000000 0
2020-02-04 5.85 5.94 5.85 5.94 0 0.000000 0
2020-02-05 5.90 6.04 5.89 6.04 0 0.000000 0
2020-02-06 6.11 6.11 6.11 6.11 0 0.000000 0
2020-02-07 6.10 6.10 6.08 6.08 0 0.000000 0
2020-02-10 6.09 6.14 6.09 6.14 0 0.000000 0
2020-02-11 6.14 6.15 6.14 6.15 0 0.000000 0
2020-02-12 6.13 6.25 6.13 6.25 0 0.000000 0
2020-02-13 6.23 6.24 6.19 6.24 0 0.000000 0
2020-02-14 6.26 6.29 6.26 6.26 0 0.000000 0
2020-02-17 6.23 6.29 6.23 6.29 0 0.000000 0
2020-02-18 6.29 6.29 6.21 6.21 0 0.000000 0
2020-02-19 6.17 6.22 6.16 6.22 0 0.000000 0
