2019-12-19 6.99 7.02 6.99 7.00 0 0 0
2019-12-20 6.97 7.05 6.97 7.05 0 0 0
2019-12-23 6.98 6.99 6.98 6.99 0 0 0
2019-12-27 7.03 7.05 7.00 7.01 0 0 0
2019-12-30 6.97 6.97 6.97 6.97 0 0 0
2020-01-02 6.95 7.04 6.95 7.03 0 0 0
2020-01-03 6.95 6.95 6.90 6.95 0 0 0
2020-01-06 6.78 6.81 6.78 6.81 0 0 0
2020-01-07 6.79 6.83 6.79 6.81 0 0 0
2020-01-08 6.72 6.79 6.72 6.79 0 0 0
2020-01-09 6.81 6.85 6.81 6.85 0 0 0
2020-01-10 6.85 6.85 6.83 6.83 0 0 0
2020-01-13 6.87 6.87 6.82 6.82 0 0 0
2020-01-14 6.80 6.84 6.78 6.83 750 0 0
2020-01-15 6.82 6.82 6.80 6.81 0 0 0
2020-01-16 6.81 6.84 6.80 6.82 0 0 0
2020-01-17 6.83 6.95 6.83 6.95 0 0 0
2020-01-20 6.86 6.91 6.85 6.91 0 0 0
2020-01-21 6.79 6.79 6.75 6.78 0 0 0
2020-01-22 6.79 6.83 6.79 6.82 0 0 0
2020-01-23 6.73 6.82 6.73 6.78 0 0 0
2020-01-24 6.74 6.98 6.74 6.87 200 0 0
2020-01-27 6.69 6.69 6.59 6.63 0 0 0
2020-01-28 6.67 6.67 6.63 6.67 0 0 0
2020-01-29 6.65 6.70 6.65 6.69 0 0 0
2020-01-30 6.62 6.64 6.58 6.64 0 0 0
2020-01-31 6.65 6.65 6.61 6.61 0 0 0
2020-02-03 6.53 6.59 6.53 6.59 0 0 0
2020-02-04 6.56 6.67 6.56 6.67 0 0 0
2020-02-05 6.56 6.72 6.56 6.72 0 0 0
2020-02-06 6.73 6.76 6.73 6.76 0 0 0
2020-02-07 6.74 6.82 6.74 6.82 0 0 0
2020-02-10 6.81 6.84 6.80 6.82 0 0 0
2020-02-11 6.87 7.01 6.87 7.01 0 0 0
2020-02-12 6.98 7.07 6.97 7.06 0 0 0
2020-02-13 7.00 7.05 6.99 7.05 0 0 0
2020-02-14 7.04 7.07 7.04 7.07 0 0 0
2020-02-17 6.99 7.09 6.99 7.09 200 0 0
2020-02-18 6.89 6.89 6.69 6.70 0 0 0
2020-02-19 6.76 6.76 6.75 6.75 200 0 0
