2019-12-19 15.2 15.2 15.2 15.2 0 0 0
2019-12-20 15.2 15.2 15.2 15.2 0 0 0
2019-12-23 15.2 15.2 15.2 15.2 0 0 0
2019-12-27 15.2 15.2 15.2 15.2 0 0 0
2019-12-30 14.7 14.7 14.7 14.7 0 0 0
2020-01-02 15.1 15.1 15.1 15.1 0 0 0
2020-01-03 15.1 15.1 15.1 15.1 0 0 0
2020-01-06 15.1 15.1 15.1 15.1 0 0 0
2020-01-07 15.1 15.1 15.1 15.1 0 0 0
2020-01-08 15.1 15.5 15.1 15.5 40 0 0
2020-01-09 15.9 15.9 15.5 15.5 700 0 0
2020-01-10 15.1 15.5 15.1 15.5 100 0 0
2020-01-13 15.2 15.2 15.2 15.2 0 0 0
2020-01-14 15.3 15.5 15.3 15.5 2726 0 0
2020-01-15 15.3 15.3 15.3 15.3 0 0 0
2020-01-16 15.4 15.5 15.4 15.5 350 0 0
2020-01-17 15.2 15.2 15.2 15.2 0 0 0
2020-01-20 15.2 15.2 15.2 15.2 0 0 0
2020-01-21 15.2 15.2 15.2 15.2 0 0 0
2020-01-22 15.2 15.5 15.2 15.5 100 0 0
2020-01-23 15.2 15.5 15.2 15.5 100 0 0
2020-01-24 15.2 15.2 15.2 15.2 0 0 0
2020-01-27 15.2 15.5 15.2 15.5 250 0 0
2020-01-28 15.2 15.2 15.2 15.2 0 0 0
2020-01-29 15.2 15.2 15.2 15.2 0 0 0
2020-01-30 15.2 15.5 15.2 15.5 1300 0 0
2020-01-31 15.2 15.5 15.2 15.5 50 0 0
2020-02-03 15.2 15.2 15.2 15.2 0 0 0
2020-02-04 15.2 15.2 15.2 15.2 0 0 0
2020-02-05 15.2 15.5 15.2 15.5 78 0 0
2020-02-06 15.5 15.5 15.5 15.5 0 0 0
2020-02-07 15.5 15.5 15.5 15.5 0 0 0
2020-02-10 15.5 15.5 15.5 15.5 110 0 0
2020-02-11 15.3 15.4 15.3 15.4 92 0 0
2020-02-12 15.4 15.4 15.4 15.4 0 0 0
2020-02-13 15.4 16.0 15.4 16.0 761 0 0
2020-02-14 16.5 18.0 15.5 18.0 9255 0 0
2020-02-17 17.5 19.0 17.5 19.0 3406 0 0
2020-02-18 18.0 18.1 18.0 18.1 22 0 0
2020-02-19 18.0 20.4 18.0 20.4 50 0 0
