2019-12-19 38.10 38.10 38.10 38.10 0 0 0
2019-12-20 38.65 38.65 38.65 38.65 0 0 0
2019-12-23 38.50 38.50 38.50 38.50 0 0 0
2019-12-27 38.30 38.60 38.30 38.60 100 0 0
2019-12-30 38.25 38.25 38.25 38.25 0 0 0
2020-01-02 39.10 39.30 39.10 39.30 50 0 0
2020-01-03 38.75 38.75 38.75 38.75 0 0 0
2020-01-06 37.90 37.90 37.90 37.90 0 0 0
2020-01-07 38.55 38.55 38.55 38.55 0 0 0
2020-01-08 38.20 38.20 38.20 38.20 0 0 0
2020-01-09 38.65 39.40 38.65 39.40 10 0 0
2020-01-10 39.50 39.50 39.50 39.50 0 0 0
2020-01-13 39.80 39.80 39.80 39.80 0 0 0
2020-01-14 39.85 40.25 39.85 40.25 100 0 0
2020-01-15 40.15 40.15 40.15 40.15 0 0 0
2020-01-16 40.05 40.05 40.05 40.05 0 0 0
2020-01-17 40.60 40.60 40.60 40.60 0 0 0
2020-01-20 41.20 41.20 41.20 41.20 0 0 0
2020-01-21 40.10 40.10 40.10 40.10 0 0 0
2020-01-22 40.15 40.15 40.15 40.15 0 0 0
2020-01-23 40.15 40.15 40.15 40.15 0 0 0
2020-01-24 39.80 39.80 39.80 39.80 0 0 0
2020-01-27 39.50 39.50 39.40 39.40 50 0 0
2020-01-28 39.30 39.30 39.30 39.30 0 0 0
2020-01-29 39.35 39.35 39.35 39.35 0 0 0
2020-01-30 38.50 38.50 38.50 38.50 0 0 0
2020-01-31 38.40 38.40 38.40 38.40 0 0 0
2020-02-03 38.00 38.00 38.00 38.00 0 0 0
2020-02-04 38.60 39.45 38.60 39.45 100 0 0
2020-02-05 39.15 39.15 39.15 39.15 0 0 0
2020-02-06 39.80 39.80 39.80 39.80 0 0 0
2020-02-07 39.65 39.65 39.65 39.65 0 0 0
2020-02-10 39.70 39.70 39.50 39.50 10 0 0
2020-02-11 39.90 40.40 39.90 40.25 1010 0 0
2020-02-12 40.65 41.40 40.65 41.40 50 0 0
2020-02-13 42.00 42.00 42.00 42.00 0 0 0
2020-02-14 41.20 41.20 41.20 41.20 0 0 0
2020-02-17 40.60 41.10 40.60 41.10 610 0 0
2020-02-18 41.00 41.00 41.00 41.00 0 0 0
2020-02-19 40.85 40.85 40.85 40.85 610 0 0
