2019-12-19 0.6700 0.6700 0.6700 0.6700 0 0 0
2019-12-20 0.6792 0.6792 0.6792 0.6792 0 0 0
2019-12-23 0.6833 0.6833 0.6833 0.6833 0 0 0
2019-12-27 0.6780 0.6780 0.6780 0.6780 0 0 0
2019-12-30 0.6811 0.6811 0.6750 0.6750 0 0 0
2020-01-02 0.6700 0.6700 0.6700 0.6700 0 0 0
2020-01-03 0.6846 0.6846 0.6846 0.6846 0 0 0
2020-01-06 0.6719 0.6719 0.6719 0.6719 0 0 0
2020-01-07 0.6741 0.6741 0.6741 0.6741 0 0 0
2020-01-08 0.6621 0.6621 0.6621 0.6621 0 0 0
2020-01-09 0.6700 0.6700 0.6700 0.6700 0 0 0
2020-01-10 0.6793 0.6793 0.6793 0.6793 0 0 0
2020-01-13 0.6845 0.6845 0.6845 0.6845 0 0 0
2020-01-14 0.6730 0.6730 0.6730 0.6730 0 0 0
2020-01-15 0.6720 0.6720 0.6720 0.6720 0 0 0
2020-01-16 0.6700 0.6700 0.6700 0.6700 0 0 0
2020-01-17 0.6666 0.6666 0.6666 0.6666 0 0 0
2020-01-20 0.6706 0.6706 0.6706 0.6706 0 0 0
2020-01-21 0.6497 0.6497 0.6497 0.6497 0 0 0
2020-01-22 0.6560 0.6560 0.6560 0.6560 0 0 0
2020-01-23 0.6380 0.6380 0.6380 0.6380 0 0 0
2020-01-24 0.6465 0.6465 0.6465 0.6465 0 0 0
2020-01-27 0.6476 0.6476 0.6476 0.6476 0 0 0
2020-01-28 0.6478 0.6478 0.6478 0.6478 0 0 0
2020-01-29 0.6207 0.6207 0.6207 0.6207 0 0 0
2020-01-30 0.6040 0.6040 0.6040 0.6040 0 0 0
2020-01-31 0.6012 0.6012 0.6012 0.6012 0 0 0
2020-02-03 0.6059 0.6059 0.6059 0.6059 0 0 0
2020-02-04 0.6140 0.6310 0.6140 0.6310 500 0 0
2020-02-05 0.6156 0.6156 0.6156 0.6156 0 0 0
2020-02-06 0.6205 0.6205 0.6205 0.6205 0 0 0
2020-02-07 0.6296 0.6296 0.6296 0.6296 0 0 0
2020-02-10 0.6319 0.6319 0.6319 0.6319 0 0 0
2020-02-11 0.6474 0.6474 0.6474 0.6474 0 0 0
2020-02-12 0.6532 0.6532 0.6532 0.6532 0 0 0
2020-02-13 0.6500 0.6500 0.6500 0.6500 0 0 0
2020-02-14 0.6491 0.6491 0.6491 0.6491 0 0 0
2020-02-17 0.6577 0.6577 0.6577 0.6577 0 0 0
2020-02-18 0.6496 0.6496 0.6496 0.6496 0 0 0
2020-02-19 0.6570 0.6570 0.6570 0.6570 500 0 0
