2019-12-19 31.0 31.1 30.7 31.1 1205 0 0
2019-12-20 31.1 31.8 31.0 31.8 3901 0 0
2019-12-23 32.9 33.0 32.2 32.5 4042 0 0
2019-12-24 33.0 33.2 32.8 33.2 3261 0 0
2019-12-27 33.5 34.0 33.3 34.0 5153 0 0
2019-12-30 34.2 34.5 34.0 34.4 4488 0 0
2019-12-31 34.8 34.8 34.5 34.7 984 0 0
2020-01-02 34.8 34.9 34.1 34.4 3937 0 0
2020-01-03 34.4 34.8 34.1 34.3 1621 0 0
2020-01-06 34.0 34.1 33.5 34.0 2695 0 0
2020-01-07 34.2 34.3 33.5 34.3 2517 0 0
2020-01-08 34.0 34.8 34.0 34.4 1342 0 0
2020-01-09 34.4 34.9 34.3 34.3 1793 0 0
2020-01-10 34.4 34.5 34.1 34.5 1168 0 0
2020-01-13 34.5 34.5 34.1 34.4 984 0 0
2020-01-14 34.4 34.8 33.9 34.0 3413 0 0
2020-01-15 34.0 34.7 34.0 34.0 433 0 0
2020-01-16 34.7 34.7 34.2 34.7 289 0 0
2020-01-17 34.8 34.8 33.9 34.0 2512 0 0
2020-01-20 34.0 34.4 33.9 34.4 1660 0 0
2020-01-21 34.4 34.4 34.0 34.2 417 0 0
2020-01-22 34.0 34.4 33.8 33.8 2356 0 0
2020-01-23 33.9 34.4 33.5 34.1 3143 0 0
2020-01-24 33.6 34.3 33.6 34.3 772 0 0
2020-01-27 34.3 34.5 33.9 34.1 3914 0 0
2020-01-28 34.5 34.5 33.9 34.0 1701 0 0
2020-01-29 34.1 34.4 34.1 34.4 2216 0 0
2020-01-30 34.5 34.5 34.0 34.2 2191 0 0
2020-01-31 33.9 34.3 33.9 34.3 893 0 0
2020-02-03 34.0 34.2 33.5 33.7 4396 0 0
2020-02-04 33.7 34.0 33.5 33.5 3869 0 0
2020-02-05 33.5 34.1 33.2 33.2 4468 0 0
2020-02-06 34.0 34.0 33.4 34.0 326 0 0
2020-02-07 34.0 34.0 33.4 33.4 1449 0 0
2020-02-10 33.4 33.9 33.4 33.7 1479 0 0
2020-02-11 33.5 33.7 33.0 33.0 3232 0 0
2020-02-12 33.1 33.2 32.9 33.0 2661 0 0
2020-02-13 33.0 33.0 32.8 32.8 1770 0 0
2020-02-14 32.6 33.7 32.6 32.8 1666 0 0
2020-02-17 32.8 33.0 32.8 32.8 1763 0 0
2020-02-18 32.8 32.8 32.5 32.7 6890 0 0
2020-02-19 32.9 33.3 32.5 32.5 4153 0 0
